000000001000000000
000000000000000000
000000000000000000
000000001000000000
000000000110000000
000000000010000000
000000000010000000
000000001110000000
000000000110011100
000000000011001110
000000000011010000
000000001111101000
000000000110100100
000000000011011000
000000000011011001
000000001111101000
000000000110101000
000000000011011010
000000000011011011
000000001111100111
000000000110100101
000000000011011000
000000000011011001
000000001111100101
000000000110101000
000000000011011001
000000000011011001
000000001111100101
000000000110101001
000000000011011010
000000000011011100
000000001111100111
000000000110100101
000000000011011000
000000000011011001
000000001111100101
000000000110101000
000000000011011001
000000000011011001
000000001111100101
000000000110101001
000000000011011010
000000000011011100
000000001111100111
000000000110100101
000000000011011000
000000000011011001
000000001111100101
000000000110101000
000000000011011001
000000000011011001
000000001111100101
000000000110101001
000000000011011010
000000000011011100
000000001111100111
000000000110100101
000000000011011000
000000000011011001
000000001111100101
000000000110101000
000000000011011001
000000000011011001
000000001111100101
000000000110101001
000000000011011010
000000000011011100
000000001111100111
000000000110100101
000000000011011000
000000000011011001
000000001111100101
000000000110101000
000000000011011001
000000000011011001
000000001111100101
000000000110101001
000000000011011010
000000000011011100
000000001111100111
000000000110100101
000000000011011000
000000000011011001
000000001111100101
000000000110101000
000000000011011001
000000000011011001
000000001111100101
000000000110101001
000000000011011010
000000000011011100
000000001111100111
000000000110100101
000000000011011000
000000000011011001
000000001111100101
000000000110101000
000000000011011001
000000000011011001
000000001111100101
000000000110101001
000000000011011010
000000000011011100
000000001111100111
000000000110100101
000000000011011000
000000000011011001
000000001111100101
000000000110101000
000000000011011001
000000000011011001
000000001111100101
000000000110101001
000000000011011010
000000000011011100
000000001111100111
000000000110100101
000000000011011000
000000000011011001
000000001111100101
000000000110101000
000000000011011001
000000000011011001
000000001111100101
000000000110101001
000000000011011010
000000000011011100
000000001111100111
000000000110100101
000000000011011000
000000000011011001
000000001111100101
000000000110101000
000000000011011001
000000000011011001
000000001111100101
000000000110101001
000000000011011010
000000000011011100
000000001111100111
000000000110100101
000000000011011000
000000000011011001
000000001111100101
000000000110101000
000000000011011001
000000000011011001
000000001111100101
000000000110101001
000000000011011010
000000000011011100
000000001111100111
000000000110100101
000000000011011000
000000000011011001
000000001111100101
000000000110101000
000000000011011001
000000000011011001
000000001111100101
000000000110101001
000000000011011010
000000000011011100
000000001111100111
000000000110100101
000000000011011000
000000000011011001
000000001111100101
000000000110101000
000000000011011001
000000000011011001
000000001111100101
000000000110101001
000000000011011010
000000000011011100
000000001111100111
000000000110100101
000000000011011000
000000000011011001
000000001111100101
000000000110101000
000000000011011001
000000000011011001
000000001111100101
000000000110101001
000000000011011010
000000000011011100
000000001111100111
000000000110100101
000000000011011000
000000000011011001
000000001111100101
000000000110101000
000000000011011001
000000000011011001
000000001111100101
000000000110101001
000000000011011010
000000000011011100
000000001111100111
000000000110100101
000000000011011000
000000000011011001
000000001111100101
000000000110101000
000000000011011001
000000000011011001
000000001111100101
000000000110101001
000000000011011010
000000000011011100
000000001111100111
000000000110100101
000000000011011000
000000000011011001
000000001111100101
000000000110101000
000000000011011001
000000000011011001
000000001111100101
000000000110101001
000000000011011010
000000000011011100
000000001111100111
000000000110100101
000000000011011000
000000000011011001
000000001111100101
000000000110101000
000000000011011001
000000000011011001
000000001111100101
000000000110101001
000000000011011010
000000000011011100
000000001111100111
000000000110100101
000000000011011000
000000000011011001
000000001111100101
000000000110101000
000000000011011001
000000000011011001
000000001111100101
000000000110101001
000000000011011010
000000000011011100
000000001111100111
000000000110100101
000000000011011000
000000000011011001
000000001111100101
000000000110101000
000000000011011001
000000000011011001
000000001111100101
000000000110101001
000000000011011010
000000000011011100
000000001111100111
000000000110100101
000000000011011000
000000000011011001
000000001111100101
000000000110101000
000000000011011001
000000000011011001
000000001111100101
000000000110101001
000000000011011010
000000000011011100
000000001111100111
000000000110100101
000000000011011000
000000000011011001
000000001111100101
000000000110101000
000000000011011001
000000000011011001
000000001111100101
000000000110101001
000000000011011010
000000000011011100
000000001111100111
000000000110100101
000000000011011000
000000000011011001
000000001111100101
000000000110101000
000000000011011001
000000000011011001
000000001111100101
000000000110101001
000000000011011010
000000000011011100
000000001111100111
000000000110100101
000000000011011000
000000000011011001
000000001111100101
000000000110101000
000000000011011001
000000000011011001
000000001111100101
000000000110101001
000000000011011010
000000000011011100
000000001111100111
000000000110100101
000000000011011000
000000000011011001
000000001111100101
000000000110101000
000000000011011001
000000000011011001
000000001111100101
000000000110101001
000000000011011010
000000000011011100
000000001111100111
000000000110100101
000000000011011000
000000000011011001
000000001111100101
000000000110101000
000000000011011001
000000000011011001
000000001111100101
000000000110101001
000000000011011010
000000000011011100
000000001111100111
000000000110100101
000000000011011000
000000000011011001
000000001111100101
000000000110101000
000000000011011001
000000000011011001
000000001111100101
000000000110101001
000000000011011010
000000000011011100
000000001111100111
000000000110100101
000000000011011000
000000000011011001
000000001111100101
000000000110101000
000000000011011001
000000000011011001
000000001111100101
000000000110101001
000000000011011010
000000000011011100
000000001111100111
000000000110100101
000000000011011000
000000000011011001
000000001111100101
000000000110101000
000000000011011001
000000000011011001
000000001111100101
000000000110101001
000000000011011010
000000000011011100
000000001111100111
000000000110100101
000000000011011000
000000000011011001
000000001111100101
000000000110101000
000000000011011001
000000000011011001
000000001111100101
000000000110101001
000000000011011010
000000000011011100
000000001111100111
000000000110100101
000000000011011000
000000000011011001
000000001111100101
000000000110101000
000000000011011001
000000000011011001
000000001111100101
000000000110101001
000000000011011010
000000000011011100
000000001111100111
000000000110100101
000000000011011000
000000000011011001
000000001111100101
000000000110101000
000000000011011001
000000000011011001
000000001111100101
000000000110101001
000000000011011010
000000000011011100
000000001111100111
