000000001010011011
000000010011101001
000000011010101011
000000011000101111
000000011111101011
000000101000001011
000001000011111110
000000101000011111
000001000010001100
000001001101000110
000001001001010100
000001010110100000
000001101110101010
000001110001100011
000001101111001001
000001111001100010
000010001100101111
000010001111011011
000010010011000011
000010100100110110
000010011110000010
000010101100011110
000010111110100001
000010111011000001
000011001010010110
000011010100111100
000011010010010100
000011010101100000
000011100111000110
000011101110001111
000011110110011011
000100001001110101
000100001100001000
000100011110110110
000100100011111011
000100101101000010
000100101001011110
000100101110010001
000100111101110011
000101000100110110
000101000110100000
000101000000101010
000101010101100011
000101011110101110
000101011110110000
000101101111100101
000110000010011000
000110000111100100
000110011000101001
000110000111011100
000110010010100000
000110110000100011
000110101001010101
000110110010010000
000110111010101110
000111000101100001
000111001011100001
000111001111000001
000111010011011110
000111100011110100
000111100011000011
000111100010100110
000111110100101000
001000001101110001
001000010100100101
001000010000000001
001000001010110100
001000011111010101
001000100001011110
001000111111001111
001000101110000100
001001000101101111
001001010001000010
001001010011010111
001001010010000011
001001101101000100
001001101000100101
001001011100100101
001001101101110011
001010000011100110
001010000110001110
001010001011111011
001010010011011110
001010101011011100
001010100000100101
001010101101101011
001010111001110000
001010111010101000
001011000111000110
001011001101100100
001011011000010111
001011100000111011
001011101110010011
001011101111001111
001011101100101110
001011110000110110
001100001100000101
001100001111000111
001100001101110001
001100101111111001
