000000000000000000
000000000000000000
000000001001101011
000000000011001110
000000001000000000
000000000000110010
000000000011110110
111111111110001111
000000001110011000
000000000100100101
000000011001000110
000000000111101110
000000110100001110
000000010001101101
000000111001111010
000000001011100100
000001001110010111
000000010000001000
000001000110001110
000000000011101001
000001001011001001
000000000100010010
000001011000101011
000000001001000001
000001011111001000
000000000111101101
000001101101010111
000000001011000011
000001100111001011
000000000010001101
000001101111000111
000000000101001010
000010000001000100
000000001011101101
000010001100010110
000000001011100000
000010010000011101
000000000111101101
000010010101001111
000000000110001101
000010010111101111
000000000100010100
000010100001001110
000000000110111110
000010110010011100
000000001100001101
000010110100011101
000000000110111111
000011000111110011
000000001101010110
000011010100000010
000000001100110010
000011001011101111
000000000001111110
000011010110010011
000000000110011001
000011011100100111
000000000110010111
000011100011011101
000000000110100111
000011110000111011
000000001010001001
000011110001011010
000000000101001101
000100000101111111
000000001101000101
000100001010100101
000000001000101110
000100001001000111
000000000011100001
000100010111000100
000000001000110111
000100011001110111
000000000101110000
000100101000101000
000000001010010111
000100100111001101
000000000100010100
000100110110010001
000000001001110101
000100111111100111
000000001001100110
000101000111111010
000000001000111100
000101010010000011
000000001001100100
000101011000111111
000000001000001110
000101010101111101
000000000010011101
000101100100111011
000000001000111001
000101101011111111
000000000111111101
000101110010000011
000000000110111111
000101111011010110
000000001000001011
000101111101110100
000000000101010000
000110000000000010
000000000011101101
000110010001010010
000000001010101011
000110100001110011
000000001101101010
000110101101011111
000000001100101010
000110110000100100
000000000111101111
000110110101011101
000000000110010010
000111001000110111
000000001101000001
000111001010101111
000000000111010010
000111010101001011
000000001000111001
000111011001000110
000000000110010110
000111011011111010
000000000100100010
000111011100110010
000000000010101010
000111111010011001
000000010000011111
001000000010110101
000000001100010111
001000001011001101
000000001010010100
001000010000010110
000000000111101010
001000001111001101
000000000011001001
001000010101001111
000000000100100111
001000010011011110
000000000001010110
001000101011010000
000000001100111000
001000101111001010
000000001000010011
001000101110010110
000000000011101000
001000111000011000
000000000110111011
001001000101001110
000000001001111101
001001010101001110
000000001101000011
001001011110111011
000000001011010101
001001100011111111
000000001000001000
001001101111000100
000000001001101001
001001101111111011
000000000101001000
001001110101101100
000000000101011101
001010000010000110
000000001001000001
001001111001111011
000000000000001100
001010001101100001
000000001010001000
001010011011101011
000000001100001100
001010011011010010
000000000101101110
001010110000001110
000000001101100000
001010101111100000
000000000110001101
001011000001110101
000000001100011100
001010110110001011
000000000000000111
001011000101000001
000000000111101010
001011001011111111
000000000111010100
001011001100000010
000000000011100110
001011100110010010
000000001111001110
001011100010111110
000000000101101100
001011101110001101
000000001000100001
001011110101001101
000000000111101111
001011111110010110
000000001000011101
001100001010000000
000000001010000110
001100011000000000
000000001100000110
001100011000110000
000000000110010001
001100100010111100
000000001000010001
