000000001100111010
000000000110110001
000000000010110000
000000010001000101
000000011010011011
000000111000011111
000000110111010001
000001010000010011
000001000000111001
000001001011011011
000001011010101011
000001011110100100
000001101110110011
000001100011011100
000001110000011000
000010000011111000
000010001100010000
000010001110110101
000010010100100101
000010010110111011
000010100010010111
000010110100101100
000010110010001111
000011001010100001
000011010011110010
000011000111001011
000011011000001100
000011011100100101
000011100011100100
000011110010011100
000011101111010010
000100001001010100
000100001000101110
000100000110111000
000100011001010101
000100011000100001
000100101010100111
000100100100101001
000100111000101000
000100111111100000
000101000111101000
000101010010010101
000101011000011010
000101010011100001
000101100111101011
000101101011100101
000101110001101000
000101111011110111
000101111100100011
000101111111010111
000110010100010001
000110100011000110
000110101101000011
000110101110011101
000110110100110100
000111001011101101
000111001000010010
000111010101111000
000111011000000001
000111011011001000
000111011011111110
001000000000001110
001000000001000100
001000001010010100
001000001111001110
001000001101010001
001000010101111000
001000010010000101
001000110000001011
001000101101001100
001000101100010111
001000111001110011
001001000110100010
001001010110100010
001001011110001011
001001100010100110
001001101111101110
001001101101111111
001001110101110110
001010000011100111
001001110110001010
001010010001110010
001010011100100011
001010011000100001
001010110011100100
001010101100011011
001011000100011111
001010110000111001
001011001000001101
001011001011110101
001011001010011100
001011101011001100
001011011110111001
001011101111011011
001011110100110111
001011111110101010
001100001010101110
001100011000110111
001100010110010000
001100100011110011
