000000000000000000
000000000000000000
000000010010011100
000000000110001001
000000010100010101
000000000100000010
000000010010100000
000000000001000000
000000010100110110
000000000001101100
000000100101110011
000000001001100001
000000110010111100
000000001011011000
000000101100100011
000000000010010010
000000111100111001
000000001001011111
000001000110011100
000000001001100001
000001001110101111
000000001000111001
000001011001001101
000000001001101100
000001100001101101
000000001001000101
000001101100111000
000000001010001001
000001101010001010
000000000011100011
000001101110000101
000000000011101111
000001111000011011
000000000111000111
000010000011000010
000000001000111010
000010000111101111
000000000110110000
000010001110111011
000000000110111110
000010010100001101
000000000110000111
000010100011110000
000000001010111101
000010111000011011
000000001111111011
000010111011010110
000000001001010000
000011000111000010
000000001010100000
000011001110101101
000000001001000100
000011010100101011
000000000111011110
000011011100000011
000000000111011011
000011011100000010
000000000011101000
000011100100100010
000000000110001000
000011110100101011
000000001011010001
000011101000111001
111111111111011110
000100000101101101
000000001110100010
000100000110101110
000000000111100101
000100000111100111
000000000100001010
000100010011000011
000000000111111001
000100011011011000
000000001000000111
000100101001010111
000000001011000111
000100110010011111
000000001010000110
000100111100111100
000000001010010010
000100111101001111
000000000101001011
000101001000111001
000000001000100000
000101011001001110
000000001100100001
000101011100010010
000000000111101100
000101100101010101
000000001000011001
000101101100000000
000000000111100001
000101101111001101
000000000101010100
000101101101011001
000000000001101010
000101110101010110
000000000100111001
000110000011010000
000000001001100000
000110010000101000
000000001011011111
000110011000011111
000000001001101000
000110101110100000
000000001111111110
000110100011011000
000000000010000101
000110101101001010
000000000110000010
000110110011001100
000000000110000010
000110111011010011
000000000111000110
000111000000010101
000000000110000011
000111010010001011
000000001100000101
000111010111101100
000000001000101110
000111100001111011
000000001001100000
000111100011101110
000000000101100100
000111110000001110
000000001001000111
000111110110110101
000000000111110101
000111111111110101
000000001000011011
001000010111001101
000000010000000110
001000001000000000
000000000000000000
001000011111011000
000000001011111101
001000011101100111
000000000100111011
001000110001101110
000000001100101110
001000101111111111
000000000101010101
001000110100100010
000000000100111011
001001000010011011
000000001001100010
001001000111011001
000000000111001101
001001001111101001
000000000111101111
001001010000110101
000000000100011000
001001100100010100
000000001100000111
001001100000001010
000000000011110001
001001101101100101
000000001000101111
001001111100000010
000000001011101010
001010000110011100
000000001011000001
001010000011110011
000000000100000000
001010010110000100
000000001011010011
001010010100111100
000000000100111100
001010100101100010
000000001010111011
001010100111000110
000000000110001001
001010101111110001
000000000111011100
001010111011111011
000000001001110111
001011001000111010
000000001011011101
001011010011110011
000000001011001011
001011010101001010
000000000110001000
001011011000011111
000000000100101101
001011011110001111
000000000101001111
001011101101101010
000000001010011110
001011101111011101
000000000110000010
001011110111001111
000000000110111011
001011111011101011
000000000101101001
001100001101000100
000000001011101010
001100010110110001
000000001010101010
001100011111100101
000000001001101101
001100011011011001
000000000010100110
