000000000000000000
000000000000000000
111111111100111011
111111111110111111
000000010001010001
000000001001101001
000000010011011001
000000000101110001
000000100010011001
000000001010100001
000000100100010101
000000000110001000
000000101110111110
000000001000011100
000000101101010110
000000000011010010
000000110111111111
000000000111000011
000000111111001110
000000000111001001
000001000101100000
000000000110101101
000001010100001110
000000001010110100
000001101101000011
000000010010000001
000001110010100010
000000001011100111
000001101010011111
000000000001100010
000001111010111011
000000001001001100
000001111110010001
000000000110001101
000010001000110011
000000001000011011
000010010100101100
000000001010001101
000010001101101000
000000000001010111
000010100110000000
000000001101001011
000010100110011100
000000000110101000
000010110011011000
000000001001110111
000010110100110100
000000000101100011
000011001000101011
000000001100111010
000011001001001010
000000000110100011
000011010100010100
000000001000111010
000011100101010111
000000001101000110
000011101001011100
000000001000011111
000011101110010001
000000000110100111
000011110100100010
000000000110011100
000011111000101110
000000000101010011
000100001000101100
000000001010110001
000011111111101100
000000000000100111
000100001110101000
000000000111111100
000100010101101110
000000000111100001
000100100111001101
000000001100101001
000100101000001011
000000000110101011
000100101001110011
000000000100000110
000100110100010111
000000000111011011
000100111011100111
000000000111010110
000101001101111101
000000001100111111
000101010000000000
000000000111010111
000101010101110100
000000000110100101
000101100001101011
000000001001010010
000101101111101001
000000001011101100
000101110110010010
000000001001000111
000101110110011100
000000000100100001
000101111101100101
000000000101110111
000110000101010101
000000000110110101
000110001011000011
000000000110010001
000110010000000010
000000000101100111
000110100111010111
000000001110101011
000110101101110011
000000001010011101
000110110110100100
000000001001100110
000110111110000110
000000001000100011
000110111000110010
000000000001011100
000111000011100001
000000000110001110
000111010000111011
000000001001111001
000111010011000100
000000000101111011
000111100010001101
000000001010101010
000111100100000000
000000000110001000
000111101011000010
000000000110100101
000111111010001010
000000001010111110
000111111011110011
000000000110001101
001000000001000010
000000000101101101
001000010010100010
000000001011110001
001000011010001001
000000001001101001
001000100001101111
000000001000100110
001000100000010011
000000000011011100
001000101111100110
000000001001100000
001000110101101101
000000000111110001
001000111000011011
000000000101001011
001001001001110100
000000001011011011
001001010001001010
000000001001010101
001001010010000000
000000000100111110
001001010111111011
000000000101011101
001001101000100010
000000001011001011
001001111001001101
000000001110000000
001001111011011100
000000000111111111
001010000110000100
000000001001010101
001001111100001001
111111111111011011
001010001100001100
000000000111111101
001010011110001010
000000001101000110
001010011000101110
000000000011100100
001010101100111111
000000001100000111
001010111001011110
000000001100010011
001011000000000001
000000001001010110
001010111001101000
000000000001010011
001011000111010010
000000000111101001
001011000100100110
000000000010010101
001011001100001000
000000000100111111
001011010011100001
000000000110001110
001011011110001110
000000001000100001
001011101101011101
000000001011111101
001011101011111110
000000000101000100
001011111101000111
000000001011010001
001100000100100000
000000001001010010
001100010101110011
000000001101011001
001100011100011011
000000001001111011
001100011110101110
000000000110000001
