111111111011111000
000000010110101011
000000010001101111
000000100100011011
000000100010011110
000000101111111110
000000101011001000
000000111001100101
000000111111010001
000001000101010011
000001010101111101
000001110000001000
000001101111110010
000001100110001111
000001111110001100
000001111100111111
000010001001101111
000010010101011101
000010001001110101
000010101010111111
000010100011101001
000010110100110001
000010110010111111
000011001011110100
000011000110011011
000011010101010100
000011100111001010
000011100111011101
000011101101011110
000011110100011100
000011111000001110
000100001011000000
000011111011010110
000100010001110001
000100010101100010
000100101001011001
000100100101100111
000100101000101101
000100110101110010
000100111011100100
000101010000010110
000101001101100110
000101010101011110
000101100010110101
000101110000101011
000101110101001011
000101110100011111
000101111110001011
000110000101110000
000110001010110011
000110001111110000
000110101011010000
000110101100000000
000110110110001100
000110111101101001
000110110101110010
000111000101100100
000111010010100000
000111010001011000
000111100100001111
000111100010000011
000111101011001111
000111111100000010
000111111001110000
001000000000110100
001000010101001000
001000011001001110
001000100001010010
001000011110000110
001000110010001101
001000110100111110
001000110111010100
001001001100100000
001001010000010001
001001010000001001
001001011000001001
001001101010111101
001001111010011011
001001111000110111
001010000110101001
001001110111111010
001010001111110110
001010100000010101
001010010100101001
001010110000101010
001010111001100100
001010111110110000
001010110110001011
001011001001111110
001011000010010101
001011001101010010
001011010100000011
001011011111001101
001011101110111100
001011101001000011
001011111111110001
001100000011101001
001100010111100010
001100011010111100
001100011101000010
