000000000000000000
000000000000000000
000000000111110100
000000000010100110
000000010001110010
000000000110010001
000000011010001100
000000000111011000
000000011010010101
000000000011101010
000000011111010111
000000000100010111
000000100111010111
000000000110001111
000000111111111100
000000001111101000
000000101111011100
111111111111001001
000000111110101010
000000000111011011
000001001011110101
000000001010010111
000001001011100111
000000000100111100
000001010101011011
000000000111011100
000001101011011101
000000001110111010
000001110011001000
000000001011001101
000001110001111000
000000000100110011
000001111001000001
000000000101111111
000010001010010010
000000001011110001
000010010000101000
000000001000111111
000010010100001111
000000000110001111
000010100010111111
000000001010100111
000010100000110101
000000000100000011
000010101011000110
000000000111001111
000010111100010110
000000001100011000
000010111101011111
000000000110100111
000011001001001110
000000001001001110
000011010100011111
000000001010010001
000011010100100100
000000000101000010
000011010110010000
000000000011010100
000011100100101100
000000001001000001
000011101110001000
000000001001001111
000011110110100110
000000001000110110
000100000111111110
000000001101001110
000100001101110001
000000001001011010
000100011101011101
000000001100101000
000100100101000010
000000001010000010
000100101101011010
000000001001001100
000100101011110101
000000000011101100
000100101110100000
000000000011001011
000100111011100111
000000001000010010
000101000100101011
000000001000101011
000101000111101110
000000000101110011
000101000010111110
000000000000011000
000101010010010001
000000001000000001
000101011101111011
000000001001111000
000101100000011001
000000000110000100
000101101101111100
000000001001111001
000110000000100000
000000001110010101
000110001000111000
000000001011010001
000110010111110101
000000001101001001
000110001100101100
000000000000101100
000110010001100101
000000000010110110
000110101011011111
000000001110101001
000110101100010101
000000000111100100
000110110010100011
000000000110111000
000110111010011111
000000000111011010
000111000100110111
000000001000111011
000111001011111100
000000000111111110
000111001111111010
000000000101111011
000111010011111001
000000000100111100
000111100001110101
000000001001100100
000111100100100011
000000000110000100
000111100100000010
000000000010101100
000111110010001000
000000001000100011
001000001010010101
000000010000100100
001000010101101101
000000001101111010
001000010011100011
000000000101101001
001000001101011010
111111111111100111
001000011100000100
000000000111010110
001000100001110101
000000000110100010
001000111011000111
000000010000001000
001000110011010000
000000000011110101
001001000011000110
000000001010000000
001001010000010100
000000001011101001
001001010100111001
000000001000000001
001001010100000000
000000000011011100
001001101001001011
000000001100100001
001001101010111011
000000000111000000
001001100000011011
111111111110000000
001001101011000010
000000000100011110
001010000000000001
000000001100111100
001010000111011100
000000001010000111
001010001100111100
000000000111110000
001010010011101100
000000000111010000
001010101000011110
000000001110001101
001010100100100100
000000000100111100
001010101100111011
000000000110101100
001010111000101001
000000001001010001
001010111011111100
000000000110001110
001011000110001101
000000001000010011
001011001101101111
000000000111111010
001011010111110111
000000001001000011
001011100000111010
000000001001000011
001011101101100001
000000001010111000
001011110000111001
000000000111000010
001011101110101110
000000000010010100
001011110000111001
000000000010001111
001100000111100110
000000001100101101
001100010000000011
000000001010100001
001100010000000101
000000000101001000
001100101011000110
000000010000010101
