000000011000100110
000000010011010000
000000010001001101
000000010101001010
000000101001000111
000000110011110000
000000101000101001
000000111111111100
000001000110011110
000001001110011101
000001011001100011
000001100001011100
000001101101010110
000001100111010111
000001101110001011
000001111001111000
000010000011110011
000010000110110011
000010001111000010
000010010011110101
000010100101110101
000010111010100100
000010111000100001
000011000111100101
000011001110000101
000011010011111111
000011011100000001
000011011010011001
000011100101100110
000011110110111000
000011100011110101
000100001100000100
000100000011110000
000100000110001001
000100010100101000
000100011011011111
000100101010101010
000100110010000011
000100111101000010
000100111011000011
000101001010010011
000101011010111100
000101011010001101
000101100101101001
000101101011100111
000101101110010000
000101101011110110
000101110110101111
000110000101001111
000110010001011110
000110010111101100
000110110001001110
000110011101100001
000110101110110110
000110110011001100
000110111011110000
000110111111111000
000111010100110001
000111010110010000
000111100010010001
000111100010000010
000111110001101110
000111110110010001
001000000000000110
001000011010011101
001000000001001001
001000100100100000
001000011010101001
001000110101000011
001000101100110100
001000110100010110
001001000100011001
001001000110011000
001001001111111000
001001001111011001
001001100111101000
001001011100101000
001001101111101101
001001111101010011
001010000110001010
001010000000110011
001010011001001101
001010010010010000
001010101000000110
001010100101000010
001010110000010101
001010111100111110
001011001001100110
001011010011101011
001011010011000000
001011010111110111
001011011110011110
001011101111111001
001011101101100011
001011110111101000
001011111011000111
001100001111101001
001100010110010101
001100011111001010
001100011000010110
